,income_pp_decile,mean_debt,has_debt,population,total_debt_held,percent_has_debt,percent_of_total_debt,percent_pop,ratio,ed_debt_change,ubi_change,percent_better_off_with_ed,in_debt,in_debt_ubi,in_debt_no_ed_debt,percent_original_poor,percent_ubi_poor,percent_ed_debt_poor,original_gap_billions,ubi_gap_billions,ed_debt_gap_billions
0,0-10,1785,6124409.511171908,30489476.42298416,54429258041.0584,20.1,0.04882903216951629,0.0999693423950656,0.49,1785.0,3654.0,9.8,16.3,8.2,9.3,83.0,25.5,70.2,224.9,33.3,190.4
1,10-20,1335,5994922.161599795,30494533.169628557,40722441484.39741,19.7,0.036532509845401885,0.09998592253011566,0.37,1335.0,3654.0,10.1,16.7,7.3,9.8,12.1,1.9,10.8,9.3,0.5,8.4
2,20-30,1819,7235776.451089607,30509004.86256455,55519752506.61296,23.7,0.04980732566929312,0.1000333725291279,0.5,1819.0,3654.0,13.3,14.2,7.3,7.8,5.2,0.0,4.8,1.3,0.0,1.2
3,30-40,3548,8941445.248077324,30495438.223091997,108201348493.38748,29.3,0.09706851271761197,0.09998889003268334,0.97,3548.0,3654.0,18.9,13.2,8.9,4.3,0.0,0.0,0.0,0.0,0.0,0.0
4,40-50,3311,8333898.094917333,30480737.19075364,100939892308.65791,27.3,0.09055418769458436,0.09994068807227557,0.91,3311.0,3654.0,18.1,9.9,6.1,3.2,0.0,0.0,0.0,0.0,0.0,0.0
5,50-60,3487,9361599.970487433,30510704.462855354,106418818529.91858,30.7,0.09546938724609272,0.10003894520348443,0.95,3487.0,3654.0,18.1,7.4,5.6,2.3,0.0,0.0,0.0,0.0,0.0,0.0
6,60-70,5501,8946142.744701924,30510029.294989146,167851466947.639,29.3,0.15058123101924595,0.10003673145318401,1.51,5501.0,3654.0,20.9,9.4,7.6,1.6,0.0,0.0,0.0,0.0,0.0,0.0
7,70-80,5540,7814213.568589276,30484346.235186115,168909242160.9267,25.6,0.15153017175032812,0.099952521460084,1.52,5540.0,3654.0,17.9,5.8,4.6,0.6,0.0,0.0,0.0,0.0,0.0,0.0
8,80-90,6887,7777525.992769729,30514790.0263777,210170993738.97903,25.5,0.1885465020786871,0.10005234100907243,1.88,6887.0,3654.0,20.6,4.5,4.1,1.0,0.0,0.0,0.0,0.0,0.0,0.0
9,90-100,3328,4126230.171020042,30499206.43919743,101527280822.20084,13.5,0.0910811398092385,0.10000124531490716,0.91,3328.0,3654.0,11.1,0.7,0.7,0.3,0.0,0.0,0.0,0.0,0.0,0.0
