,networth_pp_decile2,mean_debt,has_debt,population,total_debt_held,percent_has_debt,percent_of_total_debt,percent_pop,ratio,ed_debt_change,ubi_change,percent_better_off_with_ed,in_debt,in_debt_ubi,in_debt_no_ed_debt,percent_original_poor,percent_ubi_poor,percent_ed_debt_poor,original_gap_billions,ubi_gap_billions,ed_debt_gap_billions
0,0-10,19586,21164986.92269902,30485517.44853707,597117498443.0895,69.4,0.5356800843852132,0.09995636165159386,5.36,19586.0,3654.0,60.2,98.0,60.4,40.2,17.8,4.7,9.5,37.1,7.1,18.8
1,10-20,670,4171238.946030057,30510792.034566708,20460264325.445637,13.7,0.01835510791255615,0.10003923233489577,0.18,670.0,3654.0,4.0,0.0,0.0,0.0,37.9,9.1,36.8,99.1,7.9,95.9
2,20-30,1834,7540688.185129161,30478210.428660423,55924046348.546974,24.7,0.05017002172145759,0.09993240328767175,0.5,1834.0,3654.0,12.1,0.0,0.0,0.0,13.8,3.0,11.2,27.5,3.4,20.0
3,30-40,2249,8955255.019258277,30516501.729250062,68636585273.13025,29.3,0.06157456763013877,0.10005795336555083,0.62,2249.0,3654.0,17.7,0.0,0.0,0.0,10.4,2.4,9.3,25.0,2.3,21.3
4,40-50,2296,8186909.675259251,30490434.00033647,70009969261.67107,26.9,0.0628066441524197,0.09997248211373032,0.63,2296.0,3654.0,15.7,0.0,0.0,0.0,6.4,2.0,6.0,13.1,2.1,12.6
5,50-60,2540,7878119.349298103,30497381.622640762,77483255081.77498,25.8,0.06951100366153837,0.09999526207962195,0.7,2540.0,3654.0,13.9,0.0,0.0,0.0,3.7,1.3,2.7,7.0,1.7,5.9
6,60-70,3098,7194912.100557479,30512886.668402866,94552462004.02963,23.6,0.08482396003669558,0.1000461002510336,0.85,3098.0,3654.0,14.3,0.0,0.0,0.0,4.7,1.7,4.7,11.4,3.1,11.0
7,70-80,1359,3950787.9458771753,30479090.50252419,41441822011.30792,13.0,0.03717787331635237,0.09993528888676173,0.37,1359.0,3654.0,8.1,0.0,0.0,0.0,3.0,1.0,2.9,5.8,1.5,5.2
8,80-90,2076,4013577.35531268,30514141.2339428,63365715223.59085,13.2,0.05684601735270981,0.10005021373892295,0.57,2076.0,3654.0,9.2,0.0,0.0,0.0,0.6,0.3,0.6,0.9,0.3,0.9
9,90-100,842,1599688.4150031696,30503310.658767276,25698877061.1915,5.2,0.023054719830918405,0.10001470229021728,0.23,842.0,3654.0,3.5,0.0,0.0,0.0,2.0,1.8,2.0,8.6,4.3,8.5
0,All,3654,74656163.91442437,304988266.3276286,1114690495033.7783,24.5,1.0,1.0,1.0,3654.0,3654.0,15.9,9.8,6.0,4.0,10.0,2.7,8.6,235.5,33.8,200.0
